results

results =

           0           0           0           0
           0           0           0           0
           0           0           0           0
           4        8011           0           0
           5        8784           0           0
           6        9065           0           0
           7        8864           0           0
           8        8491           0           0
           9        7774           0           0
          10        7386           0           0
          11        6567           0           0
          12        5997           0           0
          13        5377           0           0
          14        4893           0           0
          15        4556           0           0
          16        4375           0           0
          17        4029           0           0
          18        3987           0           0
          19        3644           0           0
          20        3654           0           0
          21        3558           0           0
          22        3342           0           0
          23        3243           0           0
          24        3178           0           0
          25        3097           0           0
          26        3072           0           0
          27        2903           0           0
          28        2838           0           0
          29        2865           0           0
          30        2637           0           0

percentage

percentage =

         0
         0
         0
    0.4006
    0.4392
    0.4532
    0.4432
    0.4245
    0.3887
    0.3693
    0.3283
    0.2999
    0.2688
    0.2447
    0.2278
    0.2188
    0.2014
    0.1994
    0.1822
    0.1827
    0.1779
    0.1671
    0.1621
    0.1589
    0.1548
    0.1536
    0.1452
    0.1419
    0.1432
    0.1318

total_cycle

total_cycle =

           0           0           0           0
           0           0           0           0
           0           0           0           0
           0           0           0           0
        1290        1205        1188        1205
        3573        3379        3358        3341
        6474        6178        6156        6123
        9135        8786        8759        8833
       11721       11335       11269       11266
       13754       13500       13457       13502
       15438       15145       15107       15090
       16860       16638       16611       16583
       17762       17607       17646       17620
       18431       18364       18382       18320
       18995       18895       18889       18887
       19326       19285       19272       19256
       19552       19479       19496       19514
       19670       19644       19634       19653
       19801       19774       19761       19764
       19857       19846       19865       19851
       19919       19910       19907       19905
       19953       19950       19944       19939
       19952       19953       19953       19955
       19984       19979       19976       19975
       19987       19983       19985       19988
       19990       19991       19991       19988
       19995       19995       19994       19994
       19996       19995       19998       19996
       19998       19997       19998       19998
       19998       19999       20000       20000

total_logical

total_logical =

           0           0           0           0           0           0
           0           0           0           0           0           0
           0           0           0           0           0           0
         716           0         741         745           0           0
         732          60         875         741          17          20
         662         118         981         655          46          43
         588         226        1055         607          66          86
         487         317        1045         591          81          99
         460         347         966         444          98          95
         374         401        1011         478          86          95
         293         357         976         409         100         103
         260         374         847         336          97          99
         265         381         740         317         111          73
         209         326         652         272          75          68
         210         299         590         265          90          78
         201         354         586         278          81          80
         198         292         525         244          94          81
         178         303         514         252          94          90
         160         289         454         244          71          83
         168         283         501         210          80          97
         208         274         471         198          88          92
         170         233         426         183          95          76
         147         276         405         201          94          79
         178         240         447         192          96          78
         135         260         374         177          78          71
         165         270         405         190          98          67
         127         242         384         177          73          74
         147         219         375         172          83          74
         151         237         377         176          65          66
         125         235         353         142          87          61

diary off
